[1,["1brw/JvvpFnIvdrxpFCgMZ"],["_effectAsset"],[["cc.Material",["_states","_defines","_props"],1,12],["cc.Skeleton",["_name","_hash","_joints","_bindposes"],0,12],["cc.Mesh",["_native","_hash","_struct"],1,11]],[[0,0,1,2,3],[1,0,1,2,3,4],[2,0,1,2,3]],[[[[0,[{"rasterizerState":{},"depthStencilState":{},"blendState":{"targets":[{}]}},{},{}],[{},{},{}],[[[{"roughness":0.728,"metallic":0.465,"SpecularIntensity":0.663},"mainColor",8,[4,4294938733]],{},{}],11,0,0]]],0,0,[0],[0],[0]],[[[1,"Skin-0",2457208004,["mixamorig:Hips/mixamorig:Spine/mixamorig:Spine1/mixamorig:Spine2/mixamorig:Neck","mixamorig:Hips/mixamorig:Spine/mixamorig:Spine1/mixamorig:Spine2/mixamorig:Neck/mixamorig:Head","mixamorig:Hips/mixamorig:Spine/mixamorig:Spine1/mixamorig:Spine2","mixamorig:Hips","mixamorig:Hips/mixamorig:LeftUpLeg","mixamorig:Hips/mixamorig:LeftUpLeg/mixamorig:LeftLeg","mixamorig:Hips/mixamorig:LeftUpLeg/mixamorig:LeftLeg/mixamorig:LeftFoot","mixamorig:Hips/mixamorig:LeftUpLeg/mixamorig:LeftLeg/mixamorig:LeftFoot/mixamorig:LeftToeBase","mixamorig:Hips/mixamorig:RightUpLeg","mixamorig:Hips/mixamorig:Spine/mixamorig:Spine1/mixamorig:Spine2/mixamorig:LeftShoulder/mixamorig:LeftArm","mixamorig:Hips/mixamorig:Spine/mixamorig:Spine1/mixamorig:Spine2/mixamorig:LeftShoulder","mixamorig:Hips/mixamorig:Spine/mixamorig:Spine1","mixamorig:Hips/mixamorig:Spine/mixamorig:Spine1/mixamorig:Spine2/mixamorig:LeftShoulder/mixamorig:LeftArm/mixamorig:LeftForeArm","mixamorig:Hips/mixamorig:Spine/mixamorig:Spine1/mixamorig:Spine2/mixamorig:LeftShoulder/mixamorig:LeftArm/mixamorig:LeftForeArm/mixamorig:LeftHand","mixamorig:Hips/mixamorig:Spine","mixamorig:Hips/mixamorig:RightUpLeg/mixamorig:RightLeg","mixamorig:Hips/mixamorig:RightUpLeg/mixamorig:RightLeg/mixamorig:RightFoot","mixamorig:Hips/mixamorig:RightUpLeg/mixamorig:RightLeg/mixamorig:RightFoot/mixamorig:RightToeBase","mixamorig:Hips/mixamorig:Spine/mixamorig:Spine1/mixamorig:Spine2/mixamorig:RightShoulder","mixamorig:Hips/mixamorig:Spine/mixamorig:Spine1/mixamorig:Spine2/mixamorig:RightShoulder/mixamorig:RightArm","mixamorig:Hips/mixamorig:Spine/mixamorig:Spine1/mixamorig:Spine2/mixamorig:RightShoulder/mixamorig:RightArm/mixamorig:RightForeArm","mixamorig:Hips/mixamorig:Spine/mixamorig:Spine1/mixamorig:Spine2/mixamorig:RightShoulder/mixamorig:RightArm/mixamorig:RightForeArm/mixamorig:RightHand"],[[[7,1,0,0,0,0,1,1.3877787807814457e-17,0,0,-1.3877787807814457e-17,1,0,-2.9802322387695312e-8,-0.998055100440979,-0.006729007698595524,1],[7,1,0,0,0,0,1,1.3877787807814457e-17,0,0,-1.3877787807814457e-17,1,0,-2.9802322387695312e-8,-1.0997143983840942,-0.008734513074159622,1],[7,1,0,0,0,0,0.9993067383766174,0.03722953796386719,0,0,-0.03722953796386719,0.9993067383766174,0,-2.9802322387695312e-8,-0.8673349022865295,-0.04388147592544556,1],[7,1,0,0,0,0,1,0,0,0,0,1,0,-2.9802322387695312e-8,-0.5657623410224915,-0.022834232077002525,1],[7,-0.999062716960907,0.04328569769859314,-5.263971615751065e-17,0,-0.04318217560648918,-0.9966734647750854,-0.06911824643611908,0,-0.0029918316286057234,-0.06905346363782883,0.997608482837677,0,0.1063067838549614,0.5138999819755554,0.01274182554334402,1],[7,-0.9999112486839294,0.013078580610454082,0.002549226162955165,0,-0.01329284068197012,-0.9658708572387695,-0.2586827874183655,0,-0.0009209804120473564,-0.25869372487068176,0.9659589529037476,0,0.09775488823652267,0.27908146381378174,0.06737909466028214,1],[7,-0.9826905131340027,0.17219726741313934,0.068319171667099,0,-0.060228586196899414,-0.6457159519195557,0.7611986398696899,0,0.17519110441207886,0.7439079284667969,0.6449101567268372,0,0.1084001362323761,0.08753474056720734,-0.07025323808193207,1],[7,-0.9816927313804626,0.1839449554681778,-0.04943341389298439,0,-0.050078652799129486,0.001138972700573504,0.9987446069717407,0,0.1837703436613083,0.982935905456543,0.008093594573438168,0,0.10745423287153244,-0.11449765413999557,0.003193255979567766,1],[7,-0.9990633130073547,-0.043272607028484344,-1.597740546740678e-17,0,0.04315604642033577,-0.9963721632957458,-0.07334903627634048,0,0.0031740039121359587,-0.07328032702207565,0.9973063468933105,0,-0.10629799216985703,0.5138552188873291,0.01476888544857502,1],[7,0.03742282837629318,0.9950412511825562,-0.09215429425239563,0,-0.05989808589220047,-0.0898195132613182,-0.99415522813797,0,-0.9975027441978455,0.042723968625068665,0.056239768862724304,0,0.05594698712229729,-0.07166314125061035,0.9458937644958496,1],[7,-0.021179115399718285,0.9325727820396423,-0.36036014556884766,0,-0.03730758652091026,-0.36092716455459595,-0.9318475127220154,0,-0.9990793466567993,-0.006291537079960108,0.042436160147190094,0,0.04394662007689476,0.30447328090667725,0.9295148849487305,1],[7,1,0,0,0,0,0.9993067383766174,0.03722953796386719,0,0,-0.03722953796386719,0.9993067383766174,0,-2.9802322387695312e-8,-0.7519767880439758,-0.04388147592544556,1],[7,0.07146910578012466,0.9912101030349731,-0.11133167147636414,0,-0.06293820589780807,-0.10691318660974503,-0.9922743439674377,0,-0.9954551458358765,0.0779239758849144,0.05474399775266647,0,0.046514712274074554,-0.2579555809497833,0.9510567784309387,1],[7,0.07146910578012466,0.9912101030349731,-0.11133167147636414,0,-0.06293820589780807,-0.10691318660974503,-0.9922743439674377,0,-0.9954551458358765,0.0779239758849144,0.05474399775266647,0,0.046514712274074554,-0.43839016556739807,0.9510567784309387,1],[7,1,0,0,0,0,0.9993067383766174,0.03722953796386719,0,0,-0.03722953796386719,0.9993067383766174,0,-2.9802322387695312e-8,-0.6510385274887085,-0.04388147220015526,1],[7,-0.9999113082885742,-0.013088745065033436,-0.002454072004184127,0,0.013280950486660004,-0.9666216373443604,-0.2558637261390686,0,0.0009767760057002306,-0.2558736205101013,0.9667097330093384,0,-0.09775102138519287,0.27907004952430725,0.06735043227672577,1],[7,-0.9818089008331299,-0.17510665953159332,-0.07340966910123825,0,0.060899775475263596,-0.6566190719604492,0.7517597079277039,0,-0.1798403114080429,0.7336137294769287,0.6553384065628052,0,-0.1086224839091301,0.08832414448261261,-0.06906106323003769,1],[7,-0.9808804392814636,-0.18770842254161835,0.05137275159358978,0,0.052079010754823685,0.0011705374345183372,0.9986422657966614,0,-0.18751369416713715,0.9822241067886353,0.0086275115609169,0,-0.10780507326126099,-0.11073675006628036,0.003425364149734378,1],[7,-0.007689287420362234,-0.9325727820396423,0.36090004444122314,0,0.03728676214814186,-0.36092710494995117,-0.9318483471870422,0,0.9992750287055969,0.006291544064879417,0.037547893822193146,0,-0.04393079876899719,0.3043886423110962,0.929548442363739,1],[7,0.019802521914243698,-0.9956624507904053,0.09090714901685715,0,0.04790922999382019,-0.08987554907798767,-0.9948000311851501,0,0.998655378818512,0.024054840207099915,0.04592165723443031,0,-0.049582965672016144,-0.07165265083312988,0.9462645053863525,1],[7,0.04964689910411835,-0.9927370548248291,0.1095825657248497,0,0.05058245733380318,-0.10707788169384003,-0.9929631352424622,0,0.9974851608276367,0.05484049394726753,0.04489899426698685,0,-0.04133335500955582,-0.2579282224178314,0.9512796401977539,1],[7,0.04964689910411835,-0.9927370548248291,0.1095825657248497,0,0.05058245733380318,-0.10707788169384003,-0.9929631352424622,0,0.9974851608276367,0.05484049394726753,0.04489899426698685,0,-0.04133335500955582,-0.4380851984024048,0.9512796401977539,1]],8,8,8,8,8,8,8,8,8,8,8,8,8,8,8,8,8,8,8,8,8,8]]],0,0,[],[],[]],[[[2,".bin",1989670183,[{"primitives":[{"primitiveMode":7,"jointMapIndex":0,"vertexBundelIndices":[0],"indexView":{"offset":34200,"length":6792,"count":1698,"stride":4}}],"vertexBundles":[{"view":{"offset":0,"length":34200,"count":475,"stride":72},"attributes":[{"name":"a_position","format":32,"isNormalized":false},{"name":"a_normal","format":32,"isNormalized":false},{"name":"a_texCoord","format":21,"isNormalized":false},{"name":"a_tangent","format":44,"isNormalized":false},{"name":"a_joints","format":42,"isNormalized":false},{"name":"a_weights","format":44,"isNormalized":false}]}],"jointMaps":[[0,1,2,3,4,5,6,7,8,9,10,11,12,13,14,15,16,17,18,19,20,21]]},"minPosition",8,[1,-0.7174002528190613,-0.00021031162759754807,-0.28694063425064087],"maxPosition",8,[1,0.717400312423706,1.782921314239502,0.3169625699520111]]],-1],0,0,[],[],[]]]]
